40
40
0
0
88
15
z
23
12
4
100
88
HIJKLMNNNNNNNNNNNNNNNNNNNNMLKJIHGFEDCBA@?>=<;;;;;;;;;;;;;;;;;;;;;;;;;;;<=>?@ABCDEFGHIJKL
>>>>>>>?@ABCDEFGHIJKLMNOPQQQQQQQQQQQQQQQQQQQQPONMLKJIHGFEDCBA@?>=<;:98777777777777777777
3333333333333333333333333333333333333333
3000000002000000000020000000000000000003
3000000000200000000000000000000400000003
3020002000000000040004000000000200050043
3004000020200000400000000000000005000023
3000000200000000000000002005000002000003
3000000000200000000000000000020200000003
3000000000000000000000002000000000200003
3000200000000000000000000000000000000203
3000000000000000000020000000000005200003
3000000000000000040000000000000000020003
3000200111111111111111111111111111000003
3200000100000000000000000000000001020003
3000000100000000000200000000000001000003
3000000100000000000000200004000001000003
3000000100000000000000000000000021000003
3000000100000000000000000000200001000003
3000000100000000000000000000000001000003
3000000105040020000020000000000001500023
3000000100200000000000000040000001000003
3020000100000020000500000002000001000003
3000000100000000000000000200000001000003
3000000140002000000000000044200001000003
3005000100004020000000000000020001000003
3000200100000010000000000000000001402003
3000000100000010000000000000200001000003
3000000100000010000000000000000001000003
3000000100220010000002000000200001020003
3000000100050010000000020000020001000003
3000000000000010000000000000000201000203
3002000000000011111111111111111111000003
3000000000000000000000000002000000000003
3000002000000000000002000002000002002003
3000000000000000000020000000000000050003
3000200000000000000050000000000000004003
3002000000000000020000000002000000000003
3000000000002000000000000000000000200003
3000000402000000002000500000000000000003
3000000000020002000000000000000000000003
3333333333333333333333333333333333333333
